./dataset/rcnn/tiles/005_8.jpg 180,403,293,425,0 266,304,340,332,0 498,106,556,187,1 272,376,366,528,1 501,327,541,367,1 315,342,347,374,1 1,353,110,384,0 0,61,47,133,1 67,553,91,575,1 334,544,360,570,1 368,372,461,405,0
./dataset/rcnn/tiles/009_8.jpg 358,274,416,330,0 182,286,228,332,1 538,156,575,202,1 76,225,112,263,1 367,491,415,539,1 143,363,206,515,1 3,537,33,567,1
./dataset/rcnn/tiles/003_2.jpg 32,437,128,504,0 220,380,359,440,0 118,418,211,483,0 314,233,370,258,0 261,200,315,231,0 546,413,575,443,1 77,147,103,173,1 13,371,107,467,1 131,540,157,566,1 347,172,379,204,1
./dataset/rcnn/tiles/010_6.jpg 163,9,204,68,0 335,374,385,454,1 452,479,532,561,1
./dataset/rcnn/tiles/014_1.jpg 127,83,191,133,0 58,258,106,300,0 40,179,76,214,0 217,219,249,251,1 370,385,400,415,1 434,527,462,557,1 456,403,484,431,1
./dataset/rcnn/tiles/018_1.jpg 121,208,153,240,1 274,325,342,393,1 379,188,447,256,1 413,467,459,513,1 313,493,347,527,1 147,422,209,458,0 48,380,125,431,0 517,0,559,39,1 246,96,294,144,1
./dataset/rcnn/tiles/001_2.jpg 241,91,291,124,0 230,364,272,406,1 504,32,560,88,1 319,139,363,160,0 77,187,146,225,0 167,435,203,471,1 379,405,427,453,1 333,488,363,518,1 419,528,455,562,1 82,502,106,528,1 128,485,154,511,1 431,225,459,253,1 314,312,338,336,1 203,215,235,245,1 504,513,574,573,1 301,402,327,428,1
./dataset/rcnn/tiles/014_0.jpg 509,292,562,363,0 150,150,192,192,1 273,253,303,283,1 412,9,448,47,1 474,8,504,38,1 124,173,150,199,1 166,486,198,518,1 361,546,401,575,1 67,442,93,468,1 471,287,495,311,1 134,313,170,349,1 511,387,558,434,0
./dataset/rcnn/tiles/003_4.jpg 81,244,158,285,0 203,128,235,181,1 99,170,129,204,1 525,238,558,305,1 350,406,382,438,1 429,233,459,263,1 176,430,210,464,1 360,0,452,29,0
./dataset/rcnn/tiles/006_7.jpg 407,29,571,109,0 138,270,166,298,1 286,147,316,177,1 258,153,286,181,1 326,0,376,40,1 56,280,86,310,1 375,417,401,443,1
./dataset/rcnn/tiles/013_5.jpg 149,60,183,94,1 449,90,485,126,1 306,426,340,460,1 150,349,182,381,1 413,362,551,397,0
./dataset/rcnn/tiles/017_3.jpg 99,102,141,150,0 248,23,293,77,0 312,128,362,181,0 198,169,282,268,0 364,184,396,223,0 277,265,357,361,0 360,354,438,461,0 161,217,213,269,1 4,300,36,332,1 103,452,131,480,1 529,287,575,333,1
./dataset/rcnn/tiles/006_6.jpg 309,41,347,79,1 454,0,502,48,1 23,416,51,444,1 30,497,58,525,1 242,315,322,353,0 403,354,467,393,0 518,325,575,364,0 100,487,182,518,0
./dataset/rcnn/tiles/002_1.jpg 313,191,396,212,0 260,100,327,126,0 103,1,239,114,1 427,0,507,55,1 489,236,535,282,1 0,126,40,170,1 82,384,112,414,1 376,481,402,507,1 326,86,352,112,1
./dataset/rcnn/tiles/017_0.jpg 55,460,113,508,0 265,3,297,35,1 184,84,212,110,1 395,109,431,147,1 531,209,569,247,1 486,240,518,272,1 128,247,162,281,1 18,304,58,344,1 187,358,217,388,1 196,318,222,344,1
./dataset/rcnn/tiles/004_4.jpg 140,412,213,453,0 482,249,518,283,1 282,57,316,91,1 452,350,482,380,1
./dataset/rcnn/tiles/006_5.jpg 373,95,486,132,0 0,195,67,241,0 355,272,385,300,1 0,274,27,312,1 159,484,222,525,0
./dataset/rcnn/tiles/002_2.jpg 109,1,157,49,1 63,141,105,183,1 155,283,183,311,1 92,444,118,470,1 396,330,432,366,1 452,191,490,229,1 169,205,195,233,1 484,46,549,69,0 335,20,425,40,0 2,27,57,52,0 217,158,300,193,0
./dataset/rcnn/tiles/011_6.jpg 167,62,208,143,1 527,222,573,277,0 536,398,575,471,0
./dataset/rcnn/tiles/007_0.jpg 271,252,305,286,1 335,98,367,130,1 137,423,360,548,0
./dataset/rcnn/tiles/006_4.jpg 20,173,52,205,1 247,188,275,216,1 141,465,181,505,1 492,347,518,373,1 532,61,575,129,1 56,319,82,345,1 275,385,361,424,0 194,429,263,462,0
./dataset/rcnn/tiles/015_0.jpg 362,198,497,267,0 233,110,269,148,1 103,216,133,246,1 44,270,138,364,1 150,403,212,436,0
./dataset/rcnn/tiles/008_5.jpg 3,431,121,527,0 475,12,517,54,1 449,42,479,72,1 335,128,379,172,1 203,234,239,270,1 138,326,170,358,1 150,450,184,484,1 449,189,475,215,1 0,236,23,268,1 298,0,330,32,1
./dataset/rcnn/tiles/012_2.jpg 466,82,534,152,1 545,0,575,34,1 544,257,575,301,1 226,246,392,294,0 32,84,159,134,0
./dataset/rcnn/tiles/016_2.jpg 50,270,98,320,1 64,448,100,484,1 182,454,208,480,1 509,508,541,538,1 343,104,379,140,1 298,18,322,42,1 130,23,156,49,1 0,514,25,540,1 388,104,412,128,1 415,187,437,209,1 451,168,529,225,0 531,225,575,273,0 454,2,516,49,0
./dataset/rcnn/tiles/018_3.jpg 246,280,347,339,0 347,246,381,282,1 545,309,575,337,1 531,235,555,259,1 155,228,179,252,1
./dataset/rcnn/tiles/003_0.jpg 543,451,575,497,0 429,518,536,564,0 258,291,298,329,1 427,394,467,434,1 144,2,172,32,1 309,545,352,573,0
./dataset/rcnn/tiles/019_6.jpg 30,183,80,233,1 289,39,327,77,1 360,110,402,152,1 492,399,530,435,1 236,132,362,200,0
./dataset/rcnn/tiles/003_1.jpg 0,451,32,492,0 124,450,202,478,0 28,480,133,524,0 14,21,44,51,1 51,99,83,131,1 268,196,308,236,1 249,334,319,404,1 415,119,447,151,1 389,149,419,179,1 323,45,353,75,1 31,211,61,241,1 352,509,390,547,1 413,478,488,519,0
./dataset/rcnn/tiles/005_7.jpg 525,87,561,123,1 487,154,521,188,1 292,142,322,172,1 1,411,29,437,1 351,416,393,458,1 428,125,456,153,1 146,510,228,549,0 283,442,335,477,0 41,528,121,569,0 370,469,468,516,0 436,395,547,431,0 494,470,562,498,0
